1	0	2	NaN	NaN	NaN	NaN	NaN	NaN	NaN	NaN	NaN	NaN	NaN	NaN	NaN	-6.0789
2	1	1	NaN	NaN	NaN	NaN	NaN	NaN	NaN	NaN	NaN	NaN	NaN	NaN	NaN	-9.9426
3	1	1	NaN	NaN	NaN	NaN	NaN	NaN	NaN	NaN	NaN	NaN	NaN	NaN	NaN	-16.251
4	0	1	NaN	NaN	NaN	NaN	NaN	NaN	NaN	NaN	NaN	NaN	NaN	NaN	NaN	-0.65281
5	1	1	NaN	NaN	NaN	NaN	NaN	NaN	NaN	NaN	NaN	NaN	NaN	NaN	NaN	-15.464
6	1	1	NaN	NaN	NaN	NaN	NaN	NaN	NaN	NaN	NaN	NaN	NaN	NaN	NaN	9.0037
7	1	2	NaN	NaN	NaN	NaN	NaN	NaN	NaN	NaN	NaN	NaN	NaN	NaN	NaN	-12.779
8	1	2	NaN	NaN	NaN	NaN	NaN	NaN	NaN	NaN	NaN	NaN	NaN	NaN	NaN	-7.2932
9	1	1	NaN	NaN	NaN	NaN	NaN	NaN	NaN	NaN	NaN	NaN	NaN	NaN	NaN	-3.9262
10	1	1	NaN	NaN	NaN	NaN	NaN	NaN	NaN	NaN	NaN	NaN	NaN	NaN	NaN	-13.694
11	1	1	15.446	82	0.8125	11	1	11	0.42774	0	0	0	0	1	1	-0.16318
12	1	1	15.366	83	1.2266	12	1	12	0.36524	0	0	0	0	1	0	-13.11
13	1	1	15.806	88	0.91992	13	1	13	0.39453	0	0	0	0	1	0	11.59
14	1	2	16.294	78	0.82813	14	1	14	0.47656	1	0	0	0	2	0	-12.083
15	1	1	16.782	76	1.0273	15	1	15	0.33984	0	0	1	0	3	1	-6.4608
16	1	2	17.19	13	0.80078	16	1	16	0.41993	1	0	0	0	2	1	0.57195
17	1	1	17.571	62	0.85351	17	1	17	0.35547	0	0	1	0	3	0	-11.031
18	0	2	17.31	86	0.8125	18	1	18	0.52344	1	0	0	0	2	0	2.1212
19	1	1	17.559	89	0.90625	19	1	19	0.37304	0	0	1	0	3	1	16.297
20	1	2	18.044	91	1.0918	20	1	20	0.37305	1	1	0	0	2	0	-16.935
21	1	1	18.531	87	0.83985	21	1	21	0.5625	0	0	1	1	3	1	2.3319
22	1	1	18.13	48	0.90625	22	1	22	0.59375	0	0	0	0	1	1	5.5514
23	1	1	18.579	78	0.8789	23	1	23	0.4043	0	0	0	0	1	1	-8.4334
24	1	1	18.639	66	1	24	1	24	0.45117	0	0	0	0	1	1	-5.0591
25	1	1	18.985	64	1.0527	25	1	25	0.38086	0	0	0	0	1	1	-14.87
26	0	1	19.229	30	0.80078	26	1	26	0.35547	0	0	0	0	1	0	-12.728
27	1	1	19.427	41	1.1055	27	1	27	0.35743	0	0	0	0	1	0	3.0341
28	0	1	19.286	66	0.78515	28	1	28	0.42383	0	0	0	0	1	1	5.8698
29	1	2	19.293	29	1.1328	29	1	29	0.3907	1	1	0	0	2	0	-4.5135
30	1	1	19.508	26	1.1875	30	1	30	0.4453	0	0	1	1	3	1	-5.8998
31	0	1	19.095	7	0.959	31	1	31	0.4804	0	0	0	0	1	0	7.703
32	1	1	18.91	35	1.1328	32	1	32	0.3633	0	0	0	0	1	1	-9.2484
33	1	2	18.527	34	0.8145	33	1	33	0.5918	1	0	0	0	2	0	3.8136
34	1	1	18.454	41	1	34	1	34	0.3789	0	0	1	0	3	1	-6.6457
35	1	1	18.367	32	1.0527	35	1	35	0.3848	0	0	0	0	1	1	7.8294
36	1	2	18.362	58	0.7852	36	1	36	0.3945	1	1	0	0	2	1	-6.732
37	1	2	NaN	NaN	NaN	NaN	NaN	NaN	NaN	NaN	NaN	NaN	NaN	NaN	NaN	5.7328
38	1	1	NaN	NaN	NaN	NaN	NaN	NaN	NaN	NaN	NaN	NaN	NaN	NaN	NaN	-8.0378
39	1	1	17.856	90	0.9473	39	1	39	0.3574	0	0	0	0	1	0	-13.213
40	1	1	NaN	NaN	NaN	NaN	NaN	NaN	NaN	NaN	NaN	NaN	NaN	NaN	NaN	8.0908
41	1	1	NaN	NaN	NaN	NaN	NaN	NaN	NaN	NaN	NaN	NaN	NaN	NaN	NaN	-8.0826
42	1	1	18.946	20	1.1602	42	1	42	0.3359	0	0	0	0	1	1	11.201
43	0	1	19.4	20	1.2402	43	1	43	0.418	0	0	0	0	1	0	-7.2072
44	1	1	NaN	NaN	NaN	NaN	NaN	NaN	NaN	NaN	NaN	NaN	NaN	NaN	NaN	-3.9957
45	1	1	NaN	NaN	NaN	NaN	NaN	NaN	NaN	NaN	NaN	NaN	NaN	NaN	NaN	-1.381
46	0	1	18.917	21	1.2128	46	1	46	0.3145	0	0	0	0	1	0	-16.852
47	1	1	18.802	28	1.0801	47	1	47	0.3614	0	0	0	0	1	1	-11.686
48	1	1	18.597	16	1.0527	48	1	48	0.3516	0	0	0	0	1	0	-23.503
49	1	1	18.443	60	0.9199	49	1	49	0.3594	0	0	0	0	1	0	10.174
50	0	1	18.184	20	0.8535	50	1	50	0.3613	0	0	0	0	1	0	-7.3103
51	1	1	18.372	37	1.1856	51	1	51	0.3437	0	0	0	0	1	0	-6.1468
52	1	1	18.173	47	0.8262	52	1	52	0.4453	0	0	0	0	1	1	-3.9779
53	0	1	18.156	78	0.9863	53	1	53	0.3926	0	0	0	0	1	0	-23.783
54	1	2	NaN	NaN	NaN	NaN	NaN	NaN	NaN	NaN	NaN	NaN	NaN	NaN	NaN	4.6106
55	1	1	NaN	NaN	NaN	NaN	NaN	NaN	NaN	NaN	NaN	NaN	NaN	NaN	NaN	-1.4965
56	1	1	18.583	35	1.039	56	1	56	0.3692	0	0	0	0	1	1	-8.7464
57	1	1	18.772	43	0.8262	57	1	57	0.3496	0	0	0	0	1	1	1.8915
58	1	1	18.715	37	1.2266	58	1	58	0.3691	0	0	0	0	1	0	-30.406
59	1	2	18.723	51	1	59	1	59	0.4922	1	1	0	0	2	1	5.2195
60	1	2	18.699	61	1.1856	60	1	60	0.4531	1	1	1	1	4	0	-7.5327
61	1	1	18.255	39	1.2265	61	1	61	0.3985	0	0	1	1	3	0	5.6655
62	0	1	17.836	93	0.8789	62	1	62	0.4883	0	0	0	0	1	1	-1.324
63	1	1	17.795	91	0.8652	63	1	63	0.375	0	0	0	0	1	0	-5.051
64	1	2	18.293	68	0.998	64	1	64	0.4981	1	0	0	0	2	1	-2.3768
65	1	2	18.791	68	0.8262	65	1	65	0.5293	1	0	1	0	4	1	-7.3039
66	1	2	19.066	58	0.959	66	1	66	0.4726	1	0	1	0	4	1	-0.38548
67	1	1	19.302	94	1.1856	67	1	67	0.4746	0	1	1	0	3	1	-14.401
68	1	1	19.452	93	0.92	68	1	68	0.3945	0	0	0	1	1	0	-18.298
69	1	1	19.011	90	1.0664	69	1	69	0.2988	0	0	0	0	1	0	-7.6876
70	1	1	NaN	NaN	NaN	NaN	NaN	NaN	NaN	NaN	NaN	NaN	NaN	NaN	NaN	-12.712
71	1	1	NaN	NaN	NaN	NaN	NaN	NaN	NaN	NaN	NaN	NaN	NaN	NaN	NaN	-0.14026
72	1	1	NaN	NaN	NaN	NaN	NaN	NaN	NaN	NaN	NaN	NaN	NaN	NaN	NaN	-3.6865
73	1	1	19.944	71	1.0136	73	1	73	0.3262	0	0	0	0	1	1	-17.868
74	1	1	20.054	87	1.0527	74	1	74	0.3887	0	0	0	0	1	1	-4.6091
75	1	2	20.304	51	0.9062	75	1	75	0.3711	1	1	0	0	2	0	-11.018
76	1	1	20.723	91	0.9864	76	1	76	0.3672	0	0	1	1	3	0	-5.7045
77	1	2	20.252	83	0.7715	77	1	77	0.4609	1	0	0	0	2	1	-8.8135
78	0	2	20.719	68	1.0644	78	1	78	0.4375	1	0	1	0	4	1	-1.0239
79	1	1	21.086	67	1.0391	79	1	79	0.5176	0	0	1	0	3	0	0.17696
80	1	1	21.313	54	1.0254	80	1	80	0.4511	0	0	0	0	1	0	-3.4646
81	1	1	21.486	79	1.0274	81	1	81	0.373	0	0	0	0	1	1	1.8819
82	0	2	21.518	66	1.0527	82	1	82	0.3496	1	1	0	0	2	1	-31.958
83	1	1	21.81	84	1.1191	83	1	83	0.4121	0	0	1	1	3	0	-9.8054
84	1	1	21.321	44	1.041	84	1	84	0.4551	0	0	0	0	1	0	-5.2554
85	0	1	21.678	47	1.1855	85	1	85	0.3125	0	0	0	0	1	1	-3.0885
86	1	2	21.611	86	0.8926	86	1	86	0.4219	1	0	0	0	2	0	-16.975
87	1	1	21.579	8	1.0801	87	1	87	0.5078	0	0	1	0	3	1	-9.742
88	1	1	NaN	NaN	NaN	NaN	NaN	NaN	NaN	NaN	NaN	NaN	NaN	NaN	NaN	0.7906
89	1	2	NaN	NaN	NaN	NaN	NaN	NaN	NaN	NaN	NaN	NaN	NaN	NaN	NaN	-0.60763
90	0	1	NaN	NaN	NaN	NaN	NaN	NaN	NaN	NaN	NaN	NaN	NaN	NaN	NaN	-10.065
91	1	1	NaN	NaN	NaN	NaN	NaN	NaN	NaN	NaN	NaN	NaN	NaN	NaN	NaN	-7.9534
92	0	2	NaN	NaN	NaN	NaN	NaN	NaN	NaN	NaN	NaN	NaN	NaN	NaN	NaN	-3.9646
93	1	1	NaN	NaN	NaN	NaN	NaN	NaN	NaN	NaN	NaN	NaN	NaN	NaN	NaN	-16.817
94	1	1	NaN	NaN	NaN	NaN	NaN	NaN	NaN	NaN	NaN	NaN	NaN	NaN	NaN	4.0512
95	1	1	NaN	NaN	NaN	NaN	NaN	NaN	NaN	NaN	NaN	NaN	NaN	NaN	NaN	6.517
96	1	1	NaN	NaN	NaN	NaN	NaN	NaN	NaN	NaN	NaN	NaN	NaN	NaN	NaN	-22.117
97	1	1	NaN	NaN	NaN	NaN	NaN	NaN	NaN	NaN	NaN	NaN	NaN	NaN	NaN	-7.7348
98	1	1	19.924	36	1.1054	98	2	11	0.461	0	0	0	0	1	0	-0.93218
99	1	2	19.74	17	0.8008	99	2	12	0.4844	1	1	0	0	2	0	-11.944
100	1	2	19.665	21	0.8653	100	2	13	0.5761	1	0	1	1	4	0	11.076
101	1	1	19.203	12	0.9726	101	2	14	0.4629	0	0	1	0	3	0	-4.1214
102	0	1	18.996	21	0.9316	102	2	15	0.4336	0	0	0	0	1	1	-1.7777
103	1	1	18.684	34	1.252	103	2	16	0.3457	0	0	0	0	1	1	-0.78141
104	1	1	18.47	14	0.8399	104	2	17	0.4043	0	0	0	0	1	1	-12.719
105	1	1	18.397	80	1.1055	105	2	18	0.3008	0	0	0	0	1	0	-13.139
106	1	2	18.099	92	0.9863	106	2	19	0.5176	1	0	0	0	2	0	6.7493
107	1	1	NaN	NaN	NaN	NaN	NaN	NaN	NaN	NaN	NaN	NaN	NaN	NaN	NaN	-6.1598
108	1	1	NaN	NaN	NaN	NaN	NaN	NaN	NaN	NaN	NaN	NaN	NaN	NaN	NaN	-10.09
109	1	1	19.006	87	0.7735	109	2	22	0.3828	0	0	0	0	1	0	4.6677
110	1	1	19.459	40	0.9727	110	2	23	0.3769	0	0	0	0	1	1	-7.4884
111	1	1	19.9	81	1.2402	111	2	24	0.3223	0	0	0	0	1	0	-7.0102
112	1	2	19.883	93	1.1445	112	2	25	0.3243	1	1	0	0	2	0	-2.6614
113	1	2	NaN	NaN	NaN	NaN	NaN	NaN	NaN	NaN	NaN	NaN	NaN	NaN	NaN	-19.298
114	1	1	NaN	NaN	NaN	NaN	NaN	NaN	NaN	NaN	NaN	NaN	NaN	NaN	NaN	3.6788
115	1	1	19.773	79	1.1719	115	2	28	0.3613	0	0	0	0	1	1	-7.8032
116	1	2	20.425	39	1.1328	116	2	29	0.5254	1	0	0	0	2	1	-11.259
117	1	2	20.74	19	1.0254	117	2	30	0.4433	1	0	1	0	4	1	-18.775
118	1	1	20.644	57	1.2266	118	2	31	0.4316	0	0	1	0	3	1	-6.7253
119	1	1	20.335	44	0.8809	119	2	32	0.3496	0	0	0	0	1	0	-2.0663
120	1	2	20.436	15	0.9063	120	2	33	0.4375	1	1	0	0	2	1	-7.2134
121	1	2	20.381	11	1.211	121	2	34	0.5469	1	0	1	1	4	1	6.6139
122	1	1	19.947	46	0.8672	122	2	35	0.5977	0	0	1	0	3	1	0.18392
123	1	1	19.617	71	1.2383	123	2	36	0.4453	0	0	0	0	1	1	4.2563
124	1	2	19.588	51	1.1582	124	2	37	0.4688	1	0	0	0	2	0	-13.647
125	0	2	NaN	NaN	NaN	NaN	NaN	NaN	NaN	NaN	NaN	NaN	NaN	NaN	NaN	-9.2982
126	1	1	NaN	NaN	NaN	NaN	NaN	NaN	NaN	NaN	NaN	NaN	NaN	NaN	NaN	7.2854
127	1	2	19.871	60	1.2402	127	2	40	0.3262	1	0	0	0	2	0	-1.5597
128	1	1	19.933	61	1.0527	128	2	41	0.5469	0	0	1	0	3	0	-8.2987
129	1	1	20.08	69	1.1992	129	2	42	0.3906	0	0	0	0	1	0	2.8086
130	1	1	20.214	82	0.8398	130	2	43	0.4082	0	0	0	0	1	0	-4.0348
131	1	1	20.42	68	0.9316	131	2	44	0.4023	0	0	0	0	1	1	-14.086
132	1	1	20.75	7	1.1856	132	2	45	0.4394	0	0	0	0	1	1	-0.96573
133	1	2	20.982	18	0.9316	133	2	46	0.5313	1	0	0	0	2	0	-6.5789
134	1	1	20.59	6	1.1601	134	2	47	0.461	0	0	1	0	3	0	-5.8366
135	1	1	20.277	25	1.0254	135	2	48	0.4785	0	0	0	0	1	1	-7.0698
136	1	2	19.873	37	0.8008	136	2	49	0.5664	1	0	0	0	2	0	-4.8978
137	1	1	19.648	67	1.2266	137	2	50	0.4531	0	0	1	0	3	0	7.458
138	0	1	19.562	64	1.2129	138	2	51	0.3476	0	0	0	0	1	0	-19.531
139	1	1	19.794	76	0.92	139	2	52	0.5156	0	0	0	0	1	1	7.4294
140	1	1	19.95	18	1.1328	140	2	53	0.4238	0	0	0	0	1	1	-6.4685
141	0	1	20.237	67	0.9726	141	2	54	0.4258	0	0	0	0	1	1	-11.241
142	1	1	19.958	69	0.7871	142	2	55	0.4883	0	0	0	0	1	0	-4.3565
143	1	1	20.156	92	1.1993	143	2	56	0.3261	0	0	0	0	1	0	-17.835
144	1	2	20.391	69	1.0801	144	2	57	0.4531	1	0	0	0	2	0	-12.107
145	1	1	20.866	91	1.0664	145	2	58	0.3359	0	0	1	0	3	0	-2.5593
146	1	1	21.067	49	0.8262	146	2	59	0.3242	0	0	0	0	1	0	-18.332
147	1	1	21.479	49	0.8399	147	2	60	0.4101	0	0	0	0	1	0	2.2945
148	1	1	21.483	20	1.252	148	2	61	0.3671	0	0	0	0	1	1	-9.2123
149	0	1	21.524	29	0.8789	149	2	62	0.498	0	0	0	0	1	1	16.614
150	1	1	21.262	34	1	150	2	63	0.4082	0	0	0	0	1	1	-15.566
151	0	2	21.044	38	0.8653	151	2	64	0.4043	1	1	0	0	2	0	4.7414
152	1	1	20.913	20	0.9863	152	2	65	0.4512	0	0	1	1	3	0	-6.5591
153	1	1	20.443	47	0.9864	153	2	66	0.414	0	0	0	0	1	1	-16.105
154	1	1	20.201	49	1.0391	154	2	67	0.457	0	0	0	0	1	1	7.2585
155	0	2	20.21	36	0.8536	155	2	68	0.5214	1	0	0	0	2	0	-1.8918
156	0	1	20.243	91	0.9727	156	2	69	0.3984	0	0	1	0	3	1	-2.765
157	1	1	20.133	75	0.7851	157	2	70	0.4258	0	0	0	0	1	1	-1.7276
158	1	1	20.59	51	0.7988	158	2	71	0.3789	0	0	0	0	1	0	-0.38473
159	1	1	20.878	58	0.9864	159	2	72	0.3906	0	0	0	0	1	0	9.8191
160	1	1	20.943	61	1.1054	160	2	73	0.5215	0	0	0	0	1	0	-1.9049
161	1	1	21.081	32	1.1054	161	2	74	0.4864	0	0	0	0	1	1	-0.62124
162	1	1	21.218	43	1.1582	162	2	75	0.375	0	0	0	0	1	0	-4.4435
163	1	1	21.029	14	0.7597	163	2	76	0.4551	0	0	0	0	1	0	8.5952
164	1	1	20.959	21	0.8008	164	2	77	0.4121	0	0	0	0	1	1	-9.4934
165	1	1	20.61	10	0.9473	165	2	78	0.3613	0	0	0	0	1	0	-11.55
166	1	1	20.381	42	0.9199	166	2	79	0.4199	0	0	0	0	1	1	3.6528
167	1	1	20.048	29	1.0782	167	2	80	0.5507	0	0	0	0	1	0	-11.32
168	1	2	20.028	42	0.9727	168	2	81	0.3691	1	1	0	0	2	0	-13.73
169	1	2	19.875	59	1	169	2	82	0.4297	1	1	1	1	4	1	11.074
170	1	1	19.401	79	1.1718	170	2	83	0.3575	0	0	1	1	3	1	-18.005
171	1	1	18.973	68	0.8144	171	2	84	0.461	0	0	0	0	1	0	-6.7311
172	1	2	NaN	NaN	NaN	NaN	NaN	NaN	NaN	NaN	NaN	NaN	NaN	NaN	NaN	4.4524
173	1	1	NaN	NaN	NaN	NaN	NaN	NaN	NaN	NaN	NaN	NaN	NaN	NaN	NaN	3.312
174	1	1	19.555	93	1.1074	174	2	87	0.4238	0	0	0	0	1	1	-12.27
175	1	1	NaN	NaN	NaN	NaN	NaN	NaN	NaN	NaN	NaN	NaN	NaN	NaN	NaN	5.7983
176	1	2	NaN	NaN	NaN	NaN	NaN	NaN	NaN	NaN	NaN	NaN	NaN	NaN	NaN	-0.1787
177	1	1	NaN	NaN	NaN	NaN	NaN	NaN	NaN	NaN	NaN	NaN	NaN	NaN	NaN	-8.202
178	1	2	NaN	NaN	NaN	NaN	NaN	NaN	NaN	NaN	NaN	NaN	NaN	NaN	NaN	-9.9299
179	1	1	NaN	NaN	NaN	NaN	NaN	NaN	NaN	NaN	NaN	NaN	NaN	NaN	NaN	7.7355
180	1	2	NaN	NaN	NaN	NaN	NaN	NaN	NaN	NaN	NaN	NaN	NaN	NaN	NaN	-18.597
181	1	1	NaN	NaN	NaN	NaN	NaN	NaN	NaN	NaN	NaN	NaN	NaN	NaN	NaN	4.5765
182	1	1	NaN	NaN	NaN	NaN	NaN	NaN	NaN	NaN	NaN	NaN	NaN	NaN	NaN	0.32952
183	1	1	NaN	NaN	NaN	NaN	NaN	NaN	NaN	NaN	NaN	NaN	NaN	NaN	NaN	-9.068
184	1	1	NaN	NaN	NaN	NaN	NaN	NaN	NaN	NaN	NaN	NaN	NaN	NaN	NaN	4.3037
185	1	1	20.891	90	1.0938	185	3	11	0.3378	0	0	0	0	1	0	-16.12
186	1	1	20.675	90	0.8379	186	3	12	0.5059	0	0	0	0	1	0	-0.4256
187	1	2	21.084	76	0.8261	187	3	13	0.4161	1	0	0	0	2	1	-3.0593
188	1	1	21.501	72	1	188	3	14	0.3106	0	0	1	0	3	1	-2.3403
189	1	2	21.783	82	1.0801	189	3	15	0.5137	1	0	0	0	2	0	-10.169
190	1	1	22.032	81	0.9062	190	3	16	0.586	0	0	1	0	3	0	-0.27051
191	1	2	NaN	NaN	NaN	NaN	NaN	NaN	NaN	NaN	NaN	NaN	NaN	NaN	NaN	3.3677
192	1	2	NaN	NaN	NaN	NaN	NaN	NaN	NaN	NaN	NaN	NaN	NaN	NaN	NaN	-8.8587
193	1	2	22.641	17	1.1875	193	3	19	0.4122	1	0	1	0	4	0	-3.1612
194	1	2	22.525	25	1.1856	194	3	20	0.4687	1	0	1	0	4	1	5.5427
195	1	2	22.181	38	0.8145	195	3	21	0.4316	1	0	1	0	4	1	-5.0034
196	1	1	21.904	50	1.1328	196	3	22	0.4004	0	0	1	0	3	1	-8.6225
197	1	1	21.754	37	0.9316	197	3	23	0.375	0	0	0	0	1	1	-2.7524
198	1	1	21.787	67	0.7871	198	3	24	0.3633	0	0	0	0	1	0	-20.752
199	1	2	21.646	72	0.8535	199	3	25	0.3633	1	1	0	0	2	0	9.9338
200	0	1	21.84	41	0.8262	200	3	26	0.4219	0	0	1	1	3	1	-14.235
201	0	1	21.386	75	1.1719	201	3	27	0.3945	0	0	0	0	1	1	-2.4435
202	1	1	21.34	79	1	202	3	28	0.3144	0	0	0	0	1	0	3.3012
203	1	1	21.628	86	1.1054	203	3	29	0.3867	0	0	0	0	1	1	-15.741
204	1	1	21.904	86	0.8008	204	3	30	0.3789	0	0	0	0	1	1	3.4483
205	1	1	22.28	72	0.9063	205	3	31	0.3437	0	0	0	0	1	1	4.7084
206	1	1	22.621	81	1.2129	206	3	32	0.5977	0	0	0	0	1	0	-12.99
207	0	1	22.863	69	0.9199	207	3	33	0.3535	0	0	0	0	1	1	1.7756
208	1	1	23.179	61	1.1328	208	3	34	0.3692	0	0	0	0	1	0	-0.61389
209	1	1	23.282	32	1.0782	209	3	35	0.3828	0	0	0	0	1	1	-4.1557
210	1	1	23.385	29	0.8672	210	3	36	0.3399	0	0	0	0	1	0	-1.8057
211	1	2	23.163	81	1.0117	211	3	37	0.334	1	1	0	0	2	0	-8.376
212	1	1	22.924	17	0.8125	212	3	38	0.4317	0	0	1	1	3	0	6.2464
213	1	1	22.438	68	0.8398	213	3	39	0.4082	0	0	0	0	1	1	-6.7754
214	1	1	22.111	53	1.1718	214	3	40	0.3516	0	0	0	0	1	1	-10.778
215	1	1	22.315	23	0.9589	215	3	41	0.4454	0	0	0	0	1	0	0.26306
216	1	1	22.364	19	1.2128	216	3	42	0.3536	0	0	0	0	1	0	9.5779
217	1	1	22.073	37	1.0664	217	3	43	0.3711	0	0	0	0	1	1	-10.241
218	1	1	21.766	53	1.1992	218	3	44	0.3594	0	0	0	0	1	0	-3.4623
219	1	2	21.621	47	0.9727	219	3	45	0.3965	1	1	0	0	2	1	-17.72
220	1	1	21.657	55	0.7735	220	3	46	0.4355	0	0	1	1	3	0	16.903
221	1	2	21.149	56	0.8262	221	3	47	0.4453	1	1	0	0	2	1	5.8173
222	1	1	21.226	49	0.9062	222	3	48	0.4102	0	0	1	1	3	0	-13.594
223	1	1	20.777	53	1.0253	223	3	49	0.3731	0	0	0	0	1	0	-16.68
224	1	1	20.815	66	1.1211	224	3	50	0.375	0	0	0	0	1	1	-9.4489
225	0	1	20.888	69	1.1582	225	3	51	0.3086	0	0	0	0	1	0	-16.956
226	1	1	21.076	44	0.8672	226	3	52	0.4082	0	0	0	0	1	1	-2.1086
227	1	1	21.275	40	1.0547	227	3	53	0.375	0	0	0	0	1	1	-9.4304
228	1	1	21.226	66	0.8125	228	3	54	0.4981	0	0	0	0	1	0	0.49299
229	1	2	NaN	NaN	NaN	NaN	NaN	NaN	NaN	NaN	NaN	NaN	NaN	NaN	NaN	0.77613
230	1	2	NaN	NaN	NaN	NaN	NaN	NaN	NaN	NaN	NaN	NaN	NaN	NaN	NaN	-10.4
231	1	1	21.343	23	1.039	231	3	57	0.4668	0	0	1	0	3	0	5.7023
232	1	1	21.294	17	0.8008	232	3	58	0.4121	0	0	0	0	1	1	-12.987
233	1	1	21.03	32	1.0274	233	3	59	0.3242	0	0	0	0	1	1	-8.8462
234	1	2	20.714	54	1.2402	234	3	60	0.4512	1	0	0	0	2	0	-6.2169
235	1	1	20.593	47	0.7989	235	3	61	0.5058	0	0	1	0	3	0	-11.595
236	1	2	20.675	17	0.959	236	3	62	0.3457	1	1	0	0	2	1	6.6084
237	1	1	20.639	9	1.2247	237	3	63	0.3652	0	0	1	1	3	0	-12.815
238	0	1	20.189	34	0.8516	238	3	64	0.3945	0	0	0	0	1	1	-27.624
239	1	2	19.839	38	0.7871	239	3	65	0.4199	1	0	0	0	2	1	-1.8742
240	1	1	19.708	20	1.1602	240	3	66	0.3125	0	0	1	0	3	1	-4.7297
241	1	1	19.664	16	0.8652	241	3	67	0.416	0	0	0	0	1	1	1.3173
242	0	1	19.447	21	0.8535	242	3	68	0.2968	0	0	0	0	1	1	-24.844
243	1	1	19.161	40	1.1719	243	3	69	0.3906	0	0	0	0	1	0	4.4897
244	0	2	18.955	28	0.8261	244	3	70	0.3594	1	1	0	0	2	0	0.078984
245	1	2	18.96	18	1.1856	245	3	71	0.4043	1	0	1	1	4	0	-0.66788
246	1	1	18.514	35	0.7988	246	3	72	0.4786	0	0	1	0	3	0	-8.5215
247	1	2	18.304	71	1.039	247	3	73	0.4239	1	0	0	0	2	0	7.6634
248	1	2	18.218	43	1.1192	248	3	74	0.4043	1	0	1	0	4	1	-8.8739
249	1	2	18.531	40	1.0137	249	3	75	0.4257	1	0	1	0	4	0	-2.3739
250	1	2	18.535	83	1.1602	250	3	76	0.5253	1	0	1	0	4	1	-10.925
251	1	1	NaN	NaN	NaN	NaN	NaN	NaN	NaN	NaN	NaN	NaN	NaN	NaN	NaN	-7.259
252	1	1	NaN	NaN	NaN	NaN	NaN	NaN	NaN	NaN	NaN	NaN	NaN	NaN	NaN	2.4659
253	1	1	18.906	76	0.9199	253	3	79	0.3906	0	0	0	0	1	1	-7.5988
254	1	2	19.56	32	0.7851	254	3	80	0.4297	1	1	0	0	2	0	5.7609
255	1	2	19.842	14	0.8653	255	3	81	0.4121	1	1	1	1	4	1	-13.236
256	1	1	NaN	NaN	NaN	NaN	NaN	NaN	NaN	NaN	NaN	NaN	NaN	NaN	NaN	8.3968
257	1	1	NaN	NaN	NaN	NaN	NaN	NaN	NaN	NaN	NaN	NaN	NaN	NaN	NaN	-8.306
258	1	1	18.997	13	0.9199	258	3	84	0.3496	0	0	0	0	1	0	-10.708
259	1	2	18.911	16	1.2129	259	3	85	0.4453	1	0	0	0	2	1	-2.3424
260	1	2	NaN	NaN	NaN	NaN	NaN	NaN	NaN	NaN	NaN	NaN	NaN	NaN	NaN	-2.2533
261	1	1	NaN	NaN	NaN	NaN	NaN	NaN	NaN	NaN	NaN	NaN	NaN	NaN	NaN	-18.104
262	1	1	18.337	26	0.9981	262	3	88	0.4004	0	0	0	0	1	1	4.7266
263	0	2	NaN	NaN	NaN	NaN	NaN	NaN	NaN	NaN	NaN	NaN	NaN	NaN	NaN	14.306
264	1	1	NaN	NaN	NaN	NaN	NaN	NaN	NaN	NaN	NaN	NaN	NaN	NaN	NaN	-23.587
265	1	1	NaN	NaN	NaN	NaN	NaN	NaN	NaN	NaN	NaN	NaN	NaN	NaN	NaN	7.2105
266	1	2	NaN	NaN	NaN	NaN	NaN	NaN	NaN	NaN	NaN	NaN	NaN	NaN	NaN	-5.2274
267	1	1	NaN	NaN	NaN	NaN	NaN	NaN	NaN	NaN	NaN	NaN	NaN	NaN	NaN	-22.994
268	1	1	NaN	NaN	NaN	NaN	NaN	NaN	NaN	NaN	NaN	NaN	NaN	NaN	NaN	7.0176
269	1	1	NaN	NaN	NaN	NaN	NaN	NaN	NaN	NaN	NaN	NaN	NaN	NaN	NaN	-13.267
270	1	1	NaN	NaN	NaN	NaN	NaN	NaN	NaN	NaN	NaN	NaN	NaN	NaN	NaN	11.148
271	1	1	NaN	NaN	NaN	NaN	NaN	NaN	NaN	NaN	NaN	NaN	NaN	NaN	NaN	-2.9078
272	1	1	NaN	NaN	NaN	NaN	NaN	NaN	NaN	NaN	NaN	NaN	NaN	NaN	NaN	-17.149
273	1	2	19.681	55	1.2656	273	4	11	0.4238	1	0	0	0	2	0	6.2172
274	0	1	19.824	44	1.0918	274	4	12	0.5254	0	1	1	0	3	1	-24.047
275	1	2	NaN	NaN	NaN	NaN	NaN	NaN	NaN	NaN	NaN	NaN	NaN	NaN	NaN	-9.1548
276	1	2	NaN	NaN	NaN	NaN	NaN	NaN	NaN	NaN	NaN	NaN	NaN	NaN	NaN	-3.8558
277	1	1	19.449	48	0.8398	277	4	15	0.5606	0	0	1	0	3	1	3.7009
278	1	1	19.806	16	0.9336	278	4	16	0.5664	0	0	0	0	1	1	5.2686
279	1	1	19.844	27	1.2382	279	4	17	0.3577	0	0	0	0	1	0	-18.697
280	1	1	19.557	35	0.933	280	4	18	0.434	0	0	0	0	1	0	-2.5005
281	1	1	19.375	9	0.774	281	4	19	0.384	0	0	0	0	1	1	-5.8011
282	1	2	19.263	7	1.014	282	4	20	0.449	1	0	0	0	2	1	-4.6535
283	1	1	18.925	10	0.987	283	4	21	0.599	0	0	1	0	3	0	0.25469
284	0	2	18.601	31	1.16	284	4	22	0.368	1	1	0	0	2	0	-27.878
285	1	2	18.276	43	0.837	285	4	23	0.59	1	0	1	1	4	0	6.2385
286	1	1	17.843	46	1.092	286	4	24	0.469	0	0	1	0	3	1	-8.6292
287	0	1	17.855	50	1.188	287	4	25	0.437	0	0	0	0	1	0	-2.1789
288	0	1	17.909	93	1.186	288	4	26	0.402	0	0	0	0	1	1	-2.8136
289	1	1	17.985	84	0.893	289	4	27	0.357	0	0	0	0	1	0	-1.148
290	1	2	18.479	38	0.934	290	4	28	0.431	1	0	0	0	2	0	-5.5589
291	1	1	NaN	NaN	NaN	NaN	NaN	NaN	NaN	NaN	NaN	NaN	NaN	NaN	NaN	-6.4496
292	1	1	NaN	NaN	NaN	NaN	NaN	NaN	NaN	NaN	NaN	NaN	NaN	NaN	NaN	2.5737
293	1	1	18.849	21	1.106	293	4	31	0.357	0	0	0	0	1	1	-5.571
294	1	1	19.035	30	0.773	294	4	32	0.563	0	0	0	0	1	0	3.4388
295	1	1	18.852	52	0.799	295	4	33	0.385	0	0	0	0	1	1	-1.2639
296	1	1	18.72	40	0.798	296	4	34	0.317	0	0	0	0	1	0	-13.122
297	1	2	18.825	37	1.24	297	4	35	0.41	1	0	0	0	2	0	-13.18
298	1	1	18.827	24	1.121	298	4	36	0.373	0	0	1	0	3	0	2.0171
299	1	2	18.808	40	0.827	299	4	37	0.449	1	1	0	0	2	0	-1.5663
300	1	1	18.594	79	0.773	300	4	38	0.371	0	0	1	1	3	0	2.6001
301	1	2	18.167	37	1.159	301	4	39	0.335	1	1	0	0	2	0	-5.1709
302	1	1	18.56	5	1.093	302	4	40	0.405	0	0	1	1	3	0	-8.6906
303	1	2	18.175	86	0.961	303	4	41	0.447	1	0	0	0	2	1	-5.0582
304	1	1	17.806	91	1.213	304	4	42	0.367	0	0	1	0	3	1	4.5554
305	0	1	18.25	66	0.892	305	4	43	0.391	0	0	0	0	1	1	-14.107
306	1	1	18.744	74	1.107	306	4	44	0.393	0	0	0	0	1	0	-25.907
307	1	2	18.957	68	1.16	307	4	45	0.532	1	0	0	0	2	0	4.5014
308	1	2	19.283	35	1.24	308	4	46	0.476	1	0	1	0	4	0	-11.651
309	1	1	19.515	77	0.92	309	4	47	0.51	0	0	1	0	3	0	-7.8985
310	1	1	19.388	88	0.76	310	4	48	0.424	0	0	0	0	1	1	0.66434
311	1	1	19.677	61	0.945	311	4	49	0.422	0	0	0	0	1	1	-5.388
312	1	1	20.106	18	0.959	312	4	50	0.406	0	0	0	0	1	0	-9.0719
313	0	2	20.29	39	0.934	313	4	51	0.504	1	0	0	0	2	1	5.8906
314	1	2	20.018	65	1.172	314	4	52	0.513	1	0	1	0	4	1	-12.457
315	1	1	19.962	44	0.906	315	4	53	0.598	0	0	1	0	3	1	-3.5391
316	1	2	20.156	23	1.252	316	4	54	0.494	1	0	0	0	2	1	2.1178
317	1	1	20.103	56	1.052	317	4	55	0.381	0	0	1	0	3	1	-23.943
318	1	1	19.868	10	1.171	318	4	56	0.522	0	0	0	0	1	1	4.2653
319	1	1	19.935	25	1.172	319	4	57	0.482	0	0	0	0	1	0	-9.8955
320	1	2	19.583	46	1.067	320	4	58	0.398	1	1	0	0	2	0	-1.3631
321	1	2	19.354	47	1.147	321	4	59	0.476	1	0	1	1	4	0	-4.7384
322	1	2	18.888	21	0.799	322	4	60	0.504	1	0	1	0	4	1	-6.7887
323	1	2	18.923	50	0.799	323	4	61	0.535	1	0	1	0	4	0	-3.8616
324	1	2	18.679	25	0.76	324	4	62	0.549	1	0	1	0	4	0	18.035
325	1	2	18.77	13	0.959	325	4	63	0.445	1	0	1	0	4	1	1.013
326	1	2	18.605	28	0.801	326	4	64	0.387	1	0	1	0	4	0	-17.919
327	1	1	NaN	NaN	NaN	NaN	NaN	NaN	NaN	NaN	NaN	NaN	NaN	NaN	NaN	-6.8226
328	1	1	NaN	NaN	NaN	NaN	NaN	NaN	NaN	NaN	NaN	NaN	NaN	NaN	NaN	-9.2722
329	1	1	18.195	75	1.174	329	4	67	0.369	0	0	0	0	1	1	-1.128
330	1	1	18.619	66	1.078	330	4	68	0.459	0	0	0	0	1	1	-9.2808
331	1	1	18.955	94	0.948	331	4	69	0.459	0	0	0	0	1	0	-10.692
332	1	1	19.168	91	0.959	332	4	70	0.353	0	0	0	0	1	1	-2.1607
333	1	1	19.656	41	1.224	333	4	71	0.342	0	0	0	0	1	0	0.22298
334	1	2	20.119	33	1.014	334	4	72	0.394	1	1	0	0	2	0	0.41764
335	1	1	20.088	32	1.213	335	4	73	0.469	0	0	1	1	3	0	-4.5436
336	1	1	19.616	47	1.027	336	4	74	0.409	0	0	0	0	1	1	1.2037
337	1	1	19.493	49	0.906	337	4	75	0.365	0	0	0	0	1	0	-6.4217
338	1	2	19.486	83	0.998	338	4	76	0.407	1	1	0	0	2	0	7.6222
339	1	2	19.533	62	1.066	339	4	77	0.469	1	0	1	1	4	0	-9.006
340	1	1	19.111	84	1.092	340	4	78	0.373	0	0	1	0	3	1	-6.646
341	1	1	19.298	83	0.828	341	4	79	0.385	0	0	0	0	1	0	-0.54826
342	0	2	19.682	73	0.974	342	4	80	0.538	1	0	0	0	2	0	-17.503
343	1	1	20.058	77	1.133	343	4	81	0.443	0	0	1	0	3	0	-4.1538
344	1	1	20.359	26	0.865	344	4	82	0.364	0	0	0	0	1	0	-0.31955
345	1	2	20.653	21	0.879	345	4	83	0.556	1	0	0	0	2	0	-11.78
346	1	1	20.424	50	1.053	346	4	84	0.533	0	0	1	0	3	1	6.0818
347	0	1	20.198	73	0.973	347	4	85	0.492	0	0	0	0	1	1	2.0092
348	1	2	20.238	47	1.188	348	4	86	0.402	1	1	0	0	2	0	-12.919
349	0	2	20.484	32	1.24	349	4	87	0.481	1	0	1	1	4	1	-0.60273
350	0	2	NaN	NaN	NaN	NaN	NaN	NaN	NaN	NaN	NaN	NaN	NaN	NaN	NaN	-28.952
351	1	2	NaN	NaN	NaN	NaN	NaN	NaN	NaN	NaN	NaN	NaN	NaN	NaN	NaN	-8.2765
352	1	1	NaN	NaN	NaN	NaN	NaN	NaN	NaN	NaN	NaN	NaN	NaN	NaN	NaN	7.2469
353	1	1	NaN	NaN	NaN	NaN	NaN	NaN	NaN	NaN	NaN	NaN	NaN	NaN	NaN	-9.4768
354	1	1	NaN	NaN	NaN	NaN	NaN	NaN	NaN	NaN	NaN	NaN	NaN	NaN	NaN	5.6348
355	1	1	NaN	NaN	NaN	NaN	NaN	NaN	NaN	NaN	NaN	NaN	NaN	NaN	NaN	-10.662
356	1	2	NaN	NaN	NaN	NaN	NaN	NaN	NaN	NaN	NaN	NaN	NaN	NaN	NaN	-5.488
357	1	1	NaN	NaN	NaN	NaN	NaN	NaN	NaN	NaN	NaN	NaN	NaN	NaN	NaN	3.0141
358	1	1	NaN	NaN	NaN	NaN	NaN	NaN	NaN	NaN	NaN	NaN	NaN	NaN	NaN	-10.159
359	1	1	NaN	NaN	NaN	NaN	NaN	NaN	NaN	NaN	NaN	NaN	NaN	NaN	NaN	7.1068
360	0	1	19.406	62	1.027	360	5	11	0.407	0	0	0	0	1	0	-8.2264
361	1	2	19.663	22	1.094	361	5	12	0.472	1	0	0	0	2	1	2.3478
362	1	1	19.828	14	1.091	362	5	13	0.411	0	0	1	0	3	1	6.3519
363	1	1	19.597	33	0.972	363	5	14	0.553	0	0	0	0	1	1	-6.0916
364	1	1	19.276	22	0.906	364	5	15	0.373	0	0	0	0	1	1	1.9292
365	1	1	19.159	64	0.799	365	5	16	0.477	0	0	0	0	1	0	-9.5843
366	1	2	NaN	NaN	NaN	NaN	NaN	NaN	NaN	NaN	NaN	NaN	NaN	NaN	NaN	-5.9762
367	1	1	NaN	NaN	NaN	NaN	NaN	NaN	NaN	NaN	NaN	NaN	NaN	NaN	NaN	1.6234
368	1	1	NaN	NaN	NaN	NaN	NaN	NaN	NaN	NaN	NaN	NaN	NaN	NaN	NaN	6.4197
369	1	1	19.159	22	0.892	369	5	20	0.354	0	0	0	0	1	0	-7.7055
370	1	1	19.76	67	0.773	370	5	21	0.385	0	0	0	0	1	0	2.6162
371	1	1	19.519	86	1.186	371	5	22	0.404	0	0	0	0	1	0	-14.122
372	1	2	19.767	86	0.907	372	5	23	0.371	1	1	0	0	2	0	9.8699
373	1	1	20.212	59	0.88	373	5	24	0.456	0	0	1	1	3	1	-3.0042
374	1	1	19.734	92	0.839	374	5	25	0.407	0	0	0	0	1	1	-6.4505
375	1	1	19.894	69	0.787	375	5	26	0.401	0	0	0	0	1	0	4.131
376	1	1	NaN	NaN	NaN	NaN	NaN	NaN	NaN	NaN	NaN	NaN	NaN	NaN	NaN	-23.968
377	1	2	NaN	NaN	NaN	NaN	NaN	NaN	NaN	NaN	NaN	NaN	NaN	NaN	NaN	-2.6047
378	1	1	20.621	30	1.053	378	5	29	0.439	0	0	1	0	3	1	-0.74686
379	0	1	20.832	15	1.147	379	5	30	0.412	0	0	0	0	1	1	-11.678
380	1	1	20.671	29	0.934	380	5	31	0.437	0	0	0	0	1	0	-18.074
381	1	1	20.344	39	0.815	381	5	32	0.394	0	0	0	0	1	1	-2.4777
382	1	1	20.155	25	1.188	382	5	33	0.367	0	0	0	0	1	0	-9.0543
383	1	1	20.095	10	1.252	383	5	34	0.303	0	0	0	0	1	0	-12.368
384	0	2	19.918	32	0.76	384	5	35	0.385	1	1	0	0	2	1	-18.239
385	1	1	19.551	51	0.893	385	5	36	0.285	0	0	1	1	3	0	2.3792
386	1	1	19.094	79	0.865	386	5	37	0.289	0	0	0	0	1	0	-10.799
387	1	1	19.204	58	1.147	387	5	38	0.312	0	0	0	0	1	0	-8.8296
388	1	1	19.587	42	0.92	388	5	39	0.33	0	0	0	0	1	0	-6.1854
389	1	1	19.757	24	0.961	389	5	40	0.282	0	0	0	0	1	0	-1.4355
390	1	1	19.724	5	1.08	390	5	41	0.353	0	0	0	0	1	0	-30.212
391	1	2	19.54	13	0.879	391	5	42	0.436	1	1	0	0	2	0	-6.4007
392	1	1	19.172	51	1.212	392	5	43	0.405	0	0	1	1	3	0	-8.2769
393	1	1	18.737	17	1.041	393	5	44	0.396	0	0	0	0	1	1	-9.0045
394	1	1	18.834	34	0.934	394	5	45	0.371	0	0	0	0	1	0	0.38394
395	1	1	18.553	64	1.174	395	5	46	0.385	0	0	0	0	1	0	-6.9867
396	1	1	18.471	22	1.252	396	5	47	0.463	0	0	0	0	1	1	3.0492
397	1	1	18.705	25	1	397	5	48	0.365	0	0	0	0	1	0	-8.6177
398	1	2	18.485	25	1.186	398	5	49	0.443	1	0	0	0	2	1	2.0754
399	1	1	18.281	49	0.975	399	5	50	0.429	0	0	1	0	3	0	-13.362
400	1	1	18.123	47	1.199	400	5	51	0.428	0	0	0	0	1	0	-3.8327
401	1	1	18.177	28	0.984	401	5	52	0.416	0	0	0	0	1	1	-0.32113
402	0	2	NaN	NaN	NaN	NaN	NaN	NaN	NaN	NaN	NaN	NaN	NaN	NaN	NaN	-1.682
403	1	1	NaN	NaN	NaN	NaN	NaN	NaN	NaN	NaN	NaN	NaN	NaN	NaN	NaN	-13.119
404	1	1	18.078	45	1.133	404	5	55	0.395	0	0	0	0	1	1	-5.6371
405	1	1	18.435	5	0.879	405	5	56	0.371	0	0	0	0	1	1	-7.4456
406	1	1	18.449	14	1.147	406	5	57	0.349	0	0	0	0	1	1	1.6388
407	1	1	18.07	14	0.948	407	5	58	0.363	0	0	0	0	1	1	-6.4865
408	1	1	17.823	32	0.787	408	5	59	0.334	0	0	0	0	1	1	-8.4043
409	1	1	17.551	33	1.174	409	5	60	0.324	0	0	0	0	1	1	-12.258
410	1	2	17.486	10	0.987	410	5	61	0.482	1	0	0	0	2	1	0.86803
411	1	1	17.455	77	1.108	411	5	62	0.457	0	0	1	0	3	1	5.7318
412	0	1	17.151	60	0.852	412	5	63	0.49	0	0	0	0	1	1	9.4301
413	1	2	17.524	61	1.252	413	5	64	0.367	1	1	0	0	2	1	-0.4013
414	1	1	17.708	36	0.826	414	5	65	0.395	0	0	1	1	3	0	-0.73328
415	1	1	17.318	29	1.064	415	5	66	0.361	0	0	0	0	1	1	-10.301
416	0	2	17.262	16	0.839	416	5	67	0.405	1	1	0	0	2	0	19.792
417	0	1	17.184	26	0.947	417	5	68	0.463	0	0	1	1	3	1	-0.15256
418	1	1	16.795	35	1.092	418	5	69	0.306	0	0	0	0	1	0	1.6205
419	0	1	16.695	15	1.08	419	5	70	0.414	0	0	0	0	1	0	-15.679
420	1	1	16.667	21	1.211	420	5	71	0.478	0	0	0	0	1	1	-3.9732
421	1	1	16.443	7	1.108	421	5	72	0.324	0	0	0	0	1	0	-30.657
422	1	2	16.272	13	0.92	422	5	73	0.531	1	0	0	0	2	1	-11.773
423	1	1	15.946	58	0.947	423	5	74	0.547	0	1	1	0	3	1	8.6602
424	0	1	15.715	33	1.174	424	5	75	0.485	0	0	0	1	1	1	5.6387
425	1	1	15.357	16	1.133	425	5	76	0.369	0	0	0	0	1	0	-1.9678
426	1	2	15.332	61	1.185	426	5	77	0.528	1	0	0	0	2	1	11.439
427	1	1	15.122	60	1.199	427	5	78	0.463	0	0	1	0	3	1	-27.049
428	1	1	15.379	70	1.094	428	5	79	0.367	0	0	0	0	1	0	7.3317
429	0	1	15.598	83	1.174	429	5	80	0.361	0	0	0	0	1	0	-12.13
430	1	2	15.916	59	1.159	430	5	81	0.464	1	0	0	0	2	1	-6.4919
431	1	1	16.377	19	1.227	431	5	82	0.584	0	0	1	0	3	1	-16.974
432	1	1	16.582	81	0.773	432	5	83	0.374	0	0	0	0	1	0	-2.5024
433	1	1	NaN	NaN	NaN	NaN	NaN	NaN	NaN	NaN	NaN	NaN	NaN	NaN	NaN	-6.8043
434	1	2	NaN	NaN	NaN	NaN	NaN	NaN	NaN	NaN	NaN	NaN	NaN	NaN	NaN	12.725
435	1	2	16.767	76	1.254	435	5	86	0.463	1	0	1	0	4	0	2.518
436	1	1	NaN	NaN	NaN	NaN	NaN	NaN	NaN	NaN	NaN	NaN	NaN	NaN	NaN	8.6927
437	1	2	NaN	NaN	NaN	NaN	NaN	NaN	NaN	NaN	NaN	NaN	NaN	NaN	NaN	-18.705
438	1	1	NaN	NaN	NaN	NaN	NaN	NaN	NaN	NaN	NaN	NaN	NaN	NaN	NaN	-5.4495
439	1	1	NaN	NaN	NaN	NaN	NaN	NaN	NaN	NaN	NaN	NaN	NaN	NaN	NaN	-4.1228
440	1	1	NaN	NaN	NaN	NaN	NaN	NaN	NaN	NaN	NaN	NaN	NaN	NaN	NaN	-19.759
441	1	2	NaN	NaN	NaN	NaN	NaN	NaN	NaN	NaN	NaN	NaN	NaN	NaN	NaN	5.2955
442	1	1	NaN	NaN	NaN	NaN	NaN	NaN	NaN	NaN	NaN	NaN	NaN	NaN	NaN	11.138
443	1	1	NaN	NaN	NaN	NaN	NaN	NaN	NaN	NaN	NaN	NaN	NaN	NaN	NaN	-3.9248
444	1	1	NaN	NaN	NaN	NaN	NaN	NaN	NaN	NaN	NaN	NaN	NaN	NaN	NaN	-5.38
445	1	2	NaN	NaN	NaN	NaN	NaN	NaN	NaN	NaN	NaN	NaN	NaN	NaN	NaN	0.94191
446	1	1	20.57	78	0.893	446	6	11	0.441	0	0	1	1	3	0	-17.328
447	1	1	20.138	66	1.025	447	6	12	0.471	0	0	0	0	1	0	3.4759
448	1	2	20.444	87	1.133	448	6	13	0.526	1	0	0	0	2	0	3.986
449	1	1	20.65	86	0.84	449	6	14	0.408	0	1	1	0	3	1	-15.136
450	1	1	21.037	80	1.027	450	6	15	0.496	0	0	0	1	1	0	8.7458
451	1	2	20.53	56	1.147	451	6	16	0.512	1	0	0	0	2	1	-1.5991
452	1	1	20.886	53	0.918	452	6	17	0.423	0	0	1	0	3	1	-6.8819
453	1	1	20.957	80	1.252	453	6	18	0.336	0	0	0	0	1	0	2.2456
454	1	1	20.979	71	0.959	454	6	19	0.54	0	0	0	0	1	0	-1.7132
455	1	1	21.313	47	1.226	455	6	20	0.528	0	0	0	0	1	0	-8.212
456	1	1	21.514	64	1.013	456	6	21	0.571	0	0	0	0	1	1	-1.7744
457	1	2	21.485	94	1.066	457	6	22	0.537	1	0	0	0	2	0	-10.453
458	1	1	21.588	68	1.106	458	6	23	0.457	0	0	1	0	3	0	1.0004
459	1	1	22.011	41	1.107	459	6	24	0.424	0	0	0	0	1	1	-4.8685
460	1	1	22.164	16	0.893	460	6	25	0.474	0	0	0	0	1	1	-1.1664
461	1	1	22.051	56	0.839	461	6	26	0.381	0	0	0	0	1	0	-2.3844
462	1	1	21.697	42	1.013	462	6	27	0.457	0	0	0	0	1	0	4.886
463	1	1	21.771	51	1.159	463	6	28	0.373	0	0	0	0	1	0	1.3214
464	1	1	21.726	83	1.146	464	6	29	0.352	0	0	0	0	1	0	-9.1844
465	1	1	21.736	84	1.053	465	6	30	0.414	0	0	0	0	1	0	6.1755
466	1	1	22.055	79	1.254	466	6	31	0.369	0	0	0	0	1	1	-4.7051
467	0	2	22.38	87	1.053	467	6	32	0.566	1	0	0	0	2	0	-3.0252
468	0	1	22.654	69	1.067	468	6	33	0.404	0	0	1	0	3	1	-9.8389
469	0	1	22.977	82	0.787	469	6	34	0.588	0	0	0	0	1	0	2.7359
470	1	1	NaN	NaN	NaN	NaN	NaN	NaN	NaN	NaN	NaN	NaN	NaN	NaN	NaN	-25.623
471	0	1	NaN	NaN	NaN	NaN	NaN	NaN	NaN	NaN	NaN	NaN	NaN	NaN	NaN	4.4963
472	0	1	23.401	55	1.201	472	6	37	0.365	0	0	0	0	1	1	-8.6996
473	1	1	23.303	32	0.799	473	6	38	0.451	0	0	0	0	1	1	-4.7096
474	0	1	23.297	11	1.014	474	6	39	0.353	0	0	0	0	1	0	-28.925
475	1	1	23.067	6	0.853	475	6	40	0.43	0	0	0	0	1	1	-1.6086
476	0	1	22.681	64	1	476	6	41	0.373	0	0	0	0	1	1	0.061804
477	0	1	22.238	72	1.067	477	6	42	0.367	0	0	0	0	1	1	-4.3529
478	1	1	22.393	58	1.158	478	6	43	0.311	0	0	0	0	1	1	-9.5432
479	1	1	22.61	17	0.867	479	6	44	0.383	0	0	0	0	1	1	0.04206
480	1	2	22.675	65	1.133	480	6	45	0.357	1	0	0	0	2	1	-9.9935
481	1	1	22.325	69	1.119	481	6	46	0.408	0	0	1	0	3	1	0.97544
482	1	1	22.493	93	1.185	482	6	47	0.381	0	0	0	0	1	1	16.754
483	1	1	22.661	80	1.119	483	6	48	0.416	0	0	0	0	1	0	-4.9162
484	1	1	23.058	54	1.025	484	6	49	0.314	0	0	0	0	1	0	-19.315
485	1	2	23.311	34	0.933	485	6	50	0.571	1	0	0	0	2	0	-1.9288
486	1	2	23.305	85	0.931	486	6	51	0.592	1	0	1	0	4	0	-8.6238
487	1	1	23.13	48	0.838	487	6	52	0.473	0	0	1	0	3	0	3.6175
488	1	1	23.442	58	0.986	488	6	53	0.358	0	0	0	0	1	0	-9.4687
489	1	2	23.374	94	1.105	489	6	54	0.385	1	0	0	0	2	1	-4.576
490	0	1	23.439	56	1.213	490	6	55	0.377	0	0	1	0	3	1	-4.5439
491	1	1	23.857	41	1.053	491	6	56	0.351	0	0	0	0	1	1	-19.331
492	1	1	23.864	49	0.84	492	6	57	0.346	0	0	0	0	1	1	-4.6973
493	1	1	23.706	48	0.826	493	6	58	0.385	0	0	0	0	1	1	-1.2029
494	1	2	23.661	90	1.105	494	6	59	0.358	1	1	0	0	2	1	-17.091
495	1	1	23.642	83	0.787	495	6	60	0.424	0	0	1	1	3	1	10.712
496	1	2	23.141	61	0.773	496	6	61	0.531	1	0	0	0	2	1	1.6186
497	1	1	23.436	33	0.987	497	6	62	0.394	0	0	1	0	3	0	-19.147
498	1	1	23.546	8	1.227	498	6	63	0.39	0	0	0	0	1	1	7.8804
499	0	1	NaN	NaN	NaN	NaN	NaN	NaN	NaN	NaN	NaN	NaN	NaN	NaN	NaN	3.0481
500	1	2	NaN	NaN	NaN	NaN	NaN	NaN	NaN	NaN	NaN	NaN	NaN	NaN	NaN	-1.4581
501	1	2	22.92	23	1.24	501	6	66	0.441	1	0	1	0	4	0	-3.0746
502	1	1	22.719	17	0.84	502	6	67	0.5	0	0	1	0	3	0	0.18142
503	1	1	22.449	29	1.147	503	6	68	0.47	0	0	0	0	1	0	-0.82465
504	1	1	22.073	32	0.851	504	6	69	0.459	0	0	0	0	1	1	-10.308
505	1	1	21.874	24	0.774	505	6	70	0.381	0	0	0	0	1	1	-3.8007
506	1	2	21.671	26	1.107	506	6	71	0.397	1	1	0	0	2	0	-4.95
507	1	1	21.435	53	0.867	507	6	72	0.594	0	0	1	1	3	1	3.2281
508	1	1	20.99	48	0.814	508	6	73	0.407	0	0	0	0	1	0	-5.8766
509	1	1	21.032	39	0.892	509	6	74	0.358	0	0	0	0	1	0	-12.666
510	1	1	21.029	48	0.799	510	6	75	0.379	0	0	0	0	1	1	4.7293
511	1	1	20.969	30	1.174	511	6	76	0.359	0	0	0	0	1	1	-27.807
512	1	2	20.996	12	1.186	512	6	77	0.435	1	0	0	0	2	0	1.3354
513	1	1	20.855	45	1.213	513	6	78	0.371	0	0	1	0	3	0	-1.5815
514	1	1	20.488	85	0.76	514	6	79	0.42	0	0	0	0	1	0	-10.474
515	1	1	20.447	34	1	515	6	80	0.453	0	0	0	0	1	1	5.8018
516	1	1	20.807	37	0.987	516	6	81	0.384	0	0	0	0	1	0	-8.143
517	1	1	20.708	65	1.159	517	6	82	0.585	0	0	0	0	1	1	5.3643
518	0	2	20.605	63	1.199	518	6	83	0.451	1	0	0	0	2	1	-10.872
519	0	1	20.793	18	1.133	519	6	84	0.457	0	0	1	0	3	0	-14.702
520	1	1	20.905	9	1.174	520	6	85	0.388	0	0	0	0	1	0	-2.0476
521	1	1	20.582	92	1.253	521	6	86	0.309	0	0	0	0	1	0	-4.0287
522	1	1	NaN	NaN	NaN	NaN	NaN	NaN	NaN	NaN	NaN	NaN	NaN	NaN	NaN	3.5233
523	1	1	NaN	NaN	NaN	NaN	NaN	NaN	NaN	NaN	NaN	NaN	NaN	NaN	NaN	-5.6184
524	0	2	NaN	NaN	NaN	NaN	NaN	NaN	NaN	NaN	NaN	NaN	NaN	NaN	NaN	-13.016
525	0	1	NaN	NaN	NaN	NaN	NaN	NaN	NaN	NaN	NaN	NaN	NaN	NaN	NaN	1.4253
526	1	1	NaN	NaN	NaN	NaN	NaN	NaN	NaN	NaN	NaN	NaN	NaN	NaN	NaN	-16.837
527	1	1	NaN	NaN	NaN	NaN	NaN	NaN	NaN	NaN	NaN	NaN	NaN	NaN	NaN	3.447
528	1	1	NaN	NaN	NaN	NaN	NaN	NaN	NaN	NaN	NaN	NaN	NaN	NaN	NaN	3.7637
529	1	1	NaN	NaN	NaN	NaN	NaN	NaN	NaN	NaN	NaN	NaN	NaN	NaN	NaN	-31.242
530	1	1	NaN	NaN	NaN	NaN	NaN	NaN	NaN	NaN	NaN	NaN	NaN	NaN	NaN	14.956
531	1	2	NaN	NaN	NaN	NaN	NaN	NaN	NaN	NaN	NaN	NaN	NaN	NaN	NaN	-4.0926
532	0	2	19.867	38	0.998	532	7	11	0.498	1	0	1	0	4	0	-2.0117
533	1	1	19.967	28	1.119	533	7	12	0.507	0	1	1	0	3	0	1.332
534	1	1	19.901	19	1.105	534	7	13	0.484	0	0	0	1	1	0	-24.277
535	1	1	19.441	30	1.091	535	7	14	0.344	0	0	0	0	1	0	15.19
536	1	1	19.165	38	1.238	536	7	15	0.35	0	0	0	0	1	1	-14.971
537	1	2	19.008	48	0.973	537	7	16	0.556	1	0	0	0	2	0	-13.798
538	1	2	18.956	52	1	538	7	17	0.399	1	1	1	0	4	1	5.7133
539	1	1	18.984	31	1.025	539	7	18	0.311	0	0	1	1	3	0	-13.633
540	0	1	NaN	NaN	NaN	NaN	NaN	NaN	NaN	NaN	NaN	NaN	NaN	NaN	NaN	28.573
541	0	1	NaN	NaN	NaN	NaN	NaN	NaN	NaN	NaN	NaN	NaN	NaN	NaN	NaN	-30.1
542	1	1	18.435	37	0.92	542	7	21	0.487	0	1	0	0	1	1	0.046681
543	1	1	18.727	45	1.053	543	7	22	0.328	0	0	0	1	1	1	1.3178
544	1	1	18.279	56	0.787	544	7	23	0.403	0	0	0	0	1	0	-29.251
545	1	2	18.315	73	0.865	545	7	24	0.379	1	0	0	0	2	0	8.6889
546	1	1	18.464	44	0.826	546	7	25	0.486	0	0	1	0	3	1	-18.983
547	1	1	18.801	35	0.892	547	7	26	0.42	0	0	0	0	1	0	-21.163
548	1	1	18.836	34	1.133	548	7	27	0.401	0	0	0	0	1	1	13.377
549	1	1	18.773	54	0.838	549	7	28	0.375	0	0	0	0	1	1	-25.812
550	0	1	18.701	16	0.892	550	7	29	0.319	0	0	0	0	1	0	-6.9376
551	1	2	18.802	40	1.158	551	7	30	0.461	1	0	0	0	2	0	-0.83664
552	1	2	18.563	92	0.787	552	7	31	0.434	1	0	1	0	4	0	-10.837
553	1	1	18.568	88	0.839	553	7	32	0.526	0	1	1	0	3	1	-0.81346
554	0	1	19.039	68	0.947	554	7	33	0.332	0	0	0	1	1	1	-11.151
555	1	1	18.635	75	0.907	555	7	34	0.496	0	0	0	0	1	0	0.89687
556	1	2	18.898	51	1.025	556	7	35	0.377	1	1	0	0	2	0	-19.601
557	1	1	19.236	41	0.92	557	7	36	0.516	0	0	1	1	3	1	-4.9357
558	1	2	18.804	36	0.892	558	7	37	0.538	1	1	0	0	2	0	-1.6946
559	1	1	18.79	47	1.201	559	7	38	0.424	0	0	1	1	3	1	-11.425
560	1	1	18.364	76	1.252	560	7	39	0.4	0	0	0	0	1	0	-2.9653
561	1	1	18.417	41	1	561	7	40	0.369	0	0	0	0	1	0	-7.2289
562	1	1	18.731	70	1.119	562	7	41	0.373	0	0	0	0	1	0	-15.462
563	0	2	18.688	75	0.987	563	7	42	0.414	1	1	0	0	2	1	10.038
564	1	2	18.969	62	1.226	564	7	43	0.586	1	0	1	1	4	1	-14.244
565	1	1	18.533	57	1.252	565	7	44	0.465	0	0	1	0	3	1	-7.6545
566	1	1	18.734	52	1.188	566	7	45	0.463	0	0	0	0	1	1	1.2018
567	1	1	18.829	60	0.933	567	7	46	0.403	0	0	0	0	1	1	-14.304
568	1	1	18.884	89	1.199	568	7	47	0.551	0	0	0	0	1	0	13.61
569	1	1	19.026	11	0.773	569	7	48	0.444	0	0	0	0	1	1	-6.0466
570	1	1	19.492	53	0.799	570	7	49	0.449	0	0	0	0	1	0	-23.611
571	1	2	19.119	72	0.892	571	7	50	0.536	1	0	0	0	2	0	11.87
572	1	1	19.241	92	1.133	572	7	51	0.396	0	0	1	0	3	1	-12.086
573	1	2	19.545	83	1.107	573	7	52	0.461	1	0	0	0	2	0	-3.4006
574	1	1	20.017	58	1.094	574	7	53	0.492	0	0	1	0	3	1	-1.8063
575	1	1	20.377	69	0.895	575	7	54	0.381	0	0	0	0	1	1	-3.394
576	1	1	20.474	53	1.144	576	7	55	0.346	0	0	0	0	1	1	-3.9132
577	1	1	20.676	66	0.906	577	7	56	0.397	0	0	0	0	1	1	1.317
578	1	1	20.756	80	1.132	578	7	57	0.329	0	0	0	0	1	0	-10.504
579	1	2	20.935	48	0.76	579	7	58	0.449	1	1	0	0	2	0	7.6345
580	1	1	21.274	36	1.039	580	7	59	0.391	0	0	1	1	3	0	-12.695
581	1	1	20.788	44	0.948	581	7	60	0.425	0	0	0	0	1	1	-0.75459
582	1	1	20.706	60	0.801	582	7	61	0.348	0	0	0	0	1	0	-13.65
583	1	1	20.675	66	0.947	583	7	62	0.363	0	0	0	0	1	1	8.803
584	1	2	20.812	56	1.119	584	7	63	0.551	1	0	0	0	2	0	-21.723
585	1	1	21.037	11	0.906	585	7	64	0.373	0	0	1	0	3	0	-14.858
586	1	2	21.135	52	0.959	586	7	65	0.381	1	1	0	0	2	1	17.946
587	1	1	20.732	30	0.92	587	7	66	0.488	0	1	1	1	3	1	-21.701
588	1	1	20.285	36	0.932	588	7	67	0.432	0	0	0	1	1	0	-3.4195
589	1	2	19.839	15	1.066	589	7	68	0.434	1	0	0	0	2	1	-5.5033
590	0	1	19.751	19	1.039	590	7	69	0.42	0	0	1	0	3	0	-17.443
591	1	1	19.462	74	0.865	591	7	70	0.572	0	0	0	0	1	0	-15.776
592	1	1	19.201	21	0.946	592	7	71	0.423	0	0	0	0	1	1	2.9204
593	1	1	19.498	58	0.998	593	7	72	0.399	0	0	0	0	1	1	1.7142
594	1	1	19.264	73	0.92	594	7	73	0.416	0	0	0	0	1	0	-18.924
595	0	1	19.412	20	0.973	595	7	74	0.367	0	0	0	0	1	0	-1.758
596	1	2	19.702	18	1.172	596	7	75	0.49	1	0	0	0	2	1	-10.793
597	1	1	19.468	22	1.053	597	7	76	0.406	0	0	1	0	3	1	-6.7944
598	1	1	19.219	13	1.053	598	7	77	0.387	0	0	0	0	1	1	6.9564
599	1	1	NaN	NaN	NaN	NaN	NaN	NaN	NaN	NaN	NaN	NaN	NaN	NaN	NaN	-3.7538
600	1	1	NaN	NaN	NaN	NaN	NaN	NaN	NaN	NaN	NaN	NaN	NaN	NaN	NaN	7.3829
601	1	1	18.671	32	0.961	601	7	80	0.344	0	0	0	0	1	0	-5.3729
602	1	2	NaN	NaN	NaN	NaN	NaN	NaN	NaN	NaN	NaN	NaN	NaN	NaN	NaN	12.672
603	1	1	NaN	NaN	NaN	NaN	NaN	NaN	NaN	NaN	NaN	NaN	NaN	NaN	NaN	3.2537
604	0	1	18.614	61	0.906	604	7	83	0.371	0	0	0	0	1	0	-26.399
605	1	1	19.083	47	1.174	605	7	84	0.447	0	0	0	0	1	1	0.77415
606	1	1	19.249	26	1.025	606	7	85	0.528	0	0	0	0	1	1	-14.371
607	1	2	NaN	NaN	NaN	NaN	NaN	NaN	NaN	NaN	NaN	NaN	NaN	NaN	NaN	8.6257
608	0	1	NaN	NaN	NaN	NaN	NaN	NaN	NaN	NaN	NaN	NaN	NaN	NaN	NaN	-4.293
609	1	2	NaN	NaN	NaN	NaN	NaN	NaN	NaN	NaN	NaN	NaN	NaN	NaN	NaN	1.3924
610	1	1	NaN	NaN	NaN	NaN	NaN	NaN	NaN	NaN	NaN	NaN	NaN	NaN	NaN	0.28271
611	0	1	NaN	NaN	NaN	NaN	NaN	NaN	NaN	NaN	NaN	NaN	NaN	NaN	NaN	-0.93066
612	1	2	NaN	NaN	NaN	NaN	NaN	NaN	NaN	NaN	NaN	NaN	NaN	NaN	NaN	6.8747
613	1	1	NaN	NaN	NaN	NaN	NaN	NaN	NaN	NaN	NaN	NaN	NaN	NaN	NaN	-17.142
614	1	1	NaN	NaN	NaN	NaN	NaN	NaN	NaN	NaN	NaN	NaN	NaN	NaN	NaN	3.8354
615	1	1	NaN	NaN	NaN	NaN	NaN	NaN	NaN	NaN	NaN	NaN	NaN	NaN	NaN	-7.8677
616	1	2	NaN	NaN	NaN	NaN	NaN	NaN	NaN	NaN	NaN	NaN	NaN	NaN	NaN	4.558
617	1	1	NaN	NaN	NaN	NaN	NaN	NaN	NaN	NaN	NaN	NaN	NaN	NaN	NaN	-11.678
618	1	1	NaN	NaN	NaN	NaN	NaN	NaN	NaN	NaN	NaN	NaN	NaN	NaN	NaN	-5.3914
619	1	2	19.49	57	1.078	619	8	11	0.574	1	0	0	0	2	0	-1.0641
620	1	1	19.652	32	1.053	620	8	12	0.568	0	0	1	0	3	1	4.6956
621	1	2	19.747	66	0.92	621	8	13	0.477	1	0	0	0	2	0	0.19132
622	1	1	19.59	22	1.092	622	8	14	0.369	0	0	1	0	3	0	-3.384
623	1	1	19.778	34	1.227	623	8	15	0.359	0	0	0	0	1	0	-4.348
624	1	1	19.554	41	1.161	624	8	16	0.38	0	0	0	0	1	1	-1.5532
625	1	1	19.446	39	0.867	625	8	17	0.385	0	0	0	0	1	0	-3.4805
626	1	1	19.393	45	1.238	626	8	18	0.381	0	0	0	0	1	1	-15.62
627	1	1	19.328	41	0.906	627	8	19	0.533	0	0	0	0	1	1	7.8704
628	1	1	19.361	24	0.986	628	8	20	0.541	0	0	0	0	1	0	-9.4839
629	0	1	NaN	NaN	NaN	NaN	NaN	NaN	NaN	NaN	NaN	NaN	NaN	NaN	NaN	10.722
630	1	1	NaN	NaN	NaN	NaN	NaN	NaN	NaN	NaN	NaN	NaN	NaN	NaN	NaN	-4.0132
631	1	1	19.106	20	1.08	631	8	23	0.477	0	0	0	0	1	1	3.1083
632	1	1	NaN	NaN	NaN	NaN	NaN	NaN	NaN	NaN	NaN	NaN	NaN	NaN	NaN	-4.8488
633	1	1	NaN	NaN	NaN	NaN	NaN	NaN	NaN	NaN	NaN	NaN	NaN	NaN	NaN	-2.3656
634	1	1	19.265	70	0.771	634	8	26	0.379	0	0	0	0	1	1	-3.5476
635	1	2	NaN	NaN	NaN	NaN	NaN	NaN	NaN	NaN	NaN	NaN	NaN	NaN	NaN	-11.228
636	1	2	NaN	NaN	NaN	NaN	NaN	NaN	NaN	NaN	NaN	NaN	NaN	NaN	NaN	-5.6409
637	1	1	19.672	24	1.053	637	8	29	0.416	0	0	1	0	3	1	10.972
638	1	1	19.467	48	1.254	638	8	30	0.436	0	0	0	0	1	1	-4.2386
639	1	1	19.248	94	0.867	639	8	31	0.373	0	0	0	0	1	1	-13.73
640	1	1	19.285	74	1.213	640	8	32	0.314	0	0	0	0	1	0	-11.358
641	0	2	19.749	81	1.079	641	8	33	0.392	1	1	0	0	2	0	-12.524
642	1	2	20.063	58	1.213	642	8	34	0.385	1	1	1	1	4	0	-3.3768
643	1	2	19.597	82	1.08	643	8	35	0.539	1	0	1	1	4	1	-15.148
644	1	1	19.149	58	0.973	644	8	36	0.541	0	0	1	0	3	0	11.251
645	1	1	19.509	36	1.039	645	8	37	0.357	0	0	0	0	1	1	-14.419
646	1	1	19.619	69	0.907	646	8	38	0.429	0	0	0	0	1	1	3.4103
647	1	1	19.522	90	1.172	647	8	39	0.358	0	0	0	0	1	1	-13.705
648	1	2	19.771	55	1.052	648	8	40	0.502	1	0	0	0	2	1	-4.6022
649	1	1	20.232	22	0.907	649	8	41	0.459	0	0	1	0	3	0	-5.177
650	0	2	20.308	84	1.24	650	8	42	0.482	1	0	0	0	2	1	9.0592
651	1	2	20.051	17	0.972	651	8	43	0.528	1	0	1	0	4	0	-15.692
652	1	1	20.441	15	1.224	652	8	44	0.497	0	0	1	0	3	1	2.8311
653	1	1	20.109	10	1.066	653	8	45	0.4	0	0	0	0	1	1	-26.421
654	1	1	19.793	8	1.199	654	8	46	0.549	0	0	0	0	1	0	5.9122
655	1	1	19.407	17	1.224	655	8	47	0.432	0	0	0	0	1	1	-13.675
656	1	1	19.043	16	0.852	656	8	48	0.457	0	0	0	0	1	0	-9.9419
657	1	2	18.743	56	0.906	657	8	49	0.531	1	0	0	0	2	0	-7.9104
658	1	2	18.45	15	1.067	658	8	50	0.394	1	1	1	0	4	0	0.82176
659	1	1	18.604	31	1.106	659	8	51	0.449	0	0	1	1	3	0	5.7471
660	1	1	18.182	48	0.986	660	8	52	0.36	0	0	0	0	1	0	-15.131
661	1	2	18.076	14	1.213	661	8	53	0.597	1	0	0	0	2	1	7.0002
662	1	1	18.13	14	0.813	662	8	54	0.492	0	0	1	0	3	0	-8.0731
663	1	1	17.869	54	0.774	663	8	55	0.498	0	0	0	0	1	0	-27.836
664	1	1	17.559	46	0.787	664	8	56	0.525	0	0	0	0	1	1	12.823
665	1	1	17.713	68	0.945	665	8	57	0.588	0	0	0	0	1	0	1.4301
666	1	1	17.788	73	0.945	666	8	58	0.424	0	0	0	0	1	1	-16.388
667	0	1	18.075	92	0.814	667	8	59	0.522	0	0	0	0	1	0	9.2433
668	1	2	NaN	NaN	NaN	NaN	NaN	NaN	NaN	NaN	NaN	NaN	NaN	NaN	NaN	-21.832
669	1	1	NaN	NaN	NaN	NaN	NaN	NaN	NaN	NaN	NaN	NaN	NaN	NaN	NaN	2.6088
670	1	2	18.884	31	1.199	670	8	62	0.42	1	0	0	0	2	1	5.1501
671	1	2	18.86	46	1.2	671	8	63	0.429	1	0	1	0	4	0	-20.164
672	1	2	18.72	44	0.787	672	8	64	0.461	1	0	1	0	4	1	-13.563
673	0	1	18.731	44	1.052	673	8	65	0.545	0	1	1	0	3	0	10.829
674	1	2	18.721	55	1.092	674	8	66	0.467	1	0	0	1	2	0	-7.6536
675	1	1	18.32	42	0.854	675	8	67	0.421	0	0	1	0	3	0	5.0919
676	1	2	18.432	24	0.801	676	8	68	0.44	1	1	0	0	2	0	-0.32799
677	1	1	18.417	11	1.132	677	8	69	0.583	0	0	1	1	3	0	-13.6
678	1	1	18.018	23	1.12	678	8	70	0.437	0	0	0	0	1	1	1.4661
679	1	1	17.743	19	1.012	679	8	71	0.385	0	0	0	0	1	0	-12.265
680	1	1	17.537	27	1.08	680	8	72	0.445	0	0	0	0	1	1	-22.14
681	1	1	17.315	42	0.813	681	8	73	0.498	0	0	0	0	1	1	1.7101
682	1	2	17.196	24	1.266	682	8	74	0.582	1	0	0	0	2	1	-5.1315
683	1	1	17.214	27	0.815	683	8	75	0.519	0	0	1	0	3	1	-6.1753
684	1	1	17.077	10	1.078	684	8	76	0.405	0	0	0	0	1	1	1.1886
685	1	1	16.913	17	1.16	685	8	77	0.496	0	0	0	0	1	0	-20.776
686	1	1	16.641	13	0.826	686	8	78	0.454	0	0	0	0	1	1	-2.3966
687	1	1	16.427	8	0.894	687	8	79	0.568	0	0	0	0	1	0	-9.2241
688	1	2	16.16	10	1.067	688	8	80	0.426	1	0	0	0	2	1	-5.7122
689	1	1	15.89	27	1.146	689	8	81	0.508	0	0	1	0	3	1	3.5684
690	1	1	15.627	43	1.025	690	8	82	0.596	0	0	0	0	1	1	7.5094
691	1	1	15.535	60	0.906	691	8	83	0.459	0	0	0	0	1	0	-5.1271
692	1	1	15.589	75	1.093	692	8	84	0.408	0	0	0	0	1	0	-11.434
693	1	1	15.813	92	1.028	693	8	85	0.433	0	0	0	0	1	1	2.9611
694	1	1	16.207	92	1.226	694	8	86	0.383	0	0	0	0	1	1	-0.4825
695	0	1	NaN	NaN	NaN	NaN	NaN	NaN	NaN	NaN	NaN	NaN	NaN	NaN	NaN	14.439
696	0	1	NaN	NaN	NaN	NaN	NaN	NaN	NaN	NaN	NaN	NaN	NaN	NaN	NaN	-26.987
697	0	1	NaN	NaN	NaN	NaN	NaN	NaN	NaN	NaN	NaN	NaN	NaN	NaN	NaN	-0.94191
698	0	1	NaN	NaN	NaN	NaN	NaN	NaN	NaN	NaN	NaN	NaN	NaN	NaN	NaN	11.005
699	0	1	NaN	NaN	NaN	NaN	NaN	NaN	NaN	NaN	NaN	NaN	NaN	NaN	NaN	-24.505
700	0	2	NaN	NaN	NaN	NaN	NaN	NaN	NaN	NaN	NaN	NaN	NaN	NaN	NaN	2.1892
701	1	2	NaN	NaN	NaN	NaN	NaN	NaN	NaN	NaN	NaN	NaN	NaN	NaN	NaN	-11.792
702	1	2	NaN	NaN	NaN	NaN	NaN	NaN	NaN	NaN	NaN	NaN	NaN	NaN	NaN	-11.072
703	1	1	NaN	NaN	NaN	NaN	NaN	NaN	NaN	NaN	NaN	NaN	NaN	NaN	NaN	12.12
704	1	1	NaN	NaN	NaN	NaN	NaN	NaN	NaN	NaN	NaN	NaN	NaN	NaN	NaN	-11.192
705	1	1	15.726	69	0.774	705	9	11	0.47	0	0	0	0	1	1	-10.284
706	1	1	16.064	68	0.854	706	9	12	0.394	0	0	0	0	1	1	-6.3732
707	1	1	16.403	93	0.973	707	9	13	0.393	0	0	0	0	1	1	0.95887
708	1	1	16.728	84	1.092	708	9	14	0.41	0	0	0	0	1	1	1.2328
709	1	1	17.295	89	0.773	709	9	15	0.436	0	0	0	0	1	1	-14.766
710	1	1	17.747	55	1.052	710	9	16	0.409	0	0	0	0	1	1	7.7308
711	1	1	18.22	45	0.759	711	9	17	0.446	0	0	0	0	1	1	-10.244
712	0	2	NaN	NaN	NaN	NaN	NaN	NaN	NaN	NaN	NaN	NaN	NaN	NaN	NaN	-3.3793
713	1	1	NaN	NaN	NaN	NaN	NaN	NaN	NaN	NaN	NaN	NaN	NaN	NaN	NaN	5.9208
714	1	1	18.409	19	1.014	714	9	20	0.582	0	0	0	0	1	0	-17.556
715	1	1	NaN	NaN	NaN	NaN	NaN	NaN	NaN	NaN	NaN	NaN	NaN	NaN	NaN	-17.597
716	1	1	NaN	NaN	NaN	NaN	NaN	NaN	NaN	NaN	NaN	NaN	NaN	NaN	NaN	1.4976
717	1	1	18.4	21	0.813	717	9	23	0.466	0	0	0	0	1	0	-13.109
718	1	2	18.242	12	1.161	718	9	24	0.588	1	0	0	0	2	0	-2.8911
719	0	2	18.02	28	0.8	719	9	25	0.477	1	0	1	0	4	1	12.36
720	1	1	17.75	26	1.24	720	9	26	0.348	0	0	1	0	3	1	-21.783
721	1	1	NaN	NaN	NaN	NaN	NaN	NaN	NaN	NaN	NaN	NaN	NaN	NaN	NaN	1.9838
722	1	1	NaN	NaN	NaN	NaN	NaN	NaN	NaN	NaN	NaN	NaN	NaN	NaN	NaN	11.641
723	1	1	NaN	NaN	NaN	NaN	NaN	NaN	NaN	NaN	NaN	NaN	NaN	NaN	NaN	-14.129
724	1	1	17.467	79	1.161	724	9	30	0.345	0	0	0	0	1	1	-11.124
725	1	1	18.091	66	1.028	725	9	31	0.322	0	0	0	0	1	0	-8.218
726	1	2	NaN	NaN	NaN	NaN	NaN	NaN	NaN	NaN	NaN	NaN	NaN	NaN	NaN	-0.33118
727	1	1	NaN	NaN	NaN	NaN	NaN	NaN	NaN	NaN	NaN	NaN	NaN	NaN	NaN	-7.4828
728	1	1	18.685	29	0.84	728	9	34	0.381	0	0	0	0	1	1	-14.741
729	0	1	18.743	25	1.133	729	9	35	0.369	0	0	0	0	1	1	-7.8716
730	1	1	18.581	23	0.906	730	9	36	0.301	0	0	0	0	1	1	-8.6458
731	1	2	18.435	7	1.172	731	9	37	0.443	1	0	0	0	2	1	1.0245
732	1	1	18.238	5	1.119	732	9	38	0.443	0	0	1	0	3	0	-23.199
733	1	1	17.922	57	0.785	733	9	39	0.334	0	0	0	0	1	0	-3.9529
734	1	1	17.544	83	0.987	734	9	40	0.383	0	0	0	0	1	0	-3.471
735	1	1	17.699	44	1.133	735	9	41	0.36	0	0	0	0	1	1	-20.87
736	1	1	18.16	41	0.867	736	9	42	0.408	0	0	0	0	1	1	5.7238
737	1	1	18.193	21	1.24	737	9	43	0.315	0	0	0	0	1	1	-8.9933
738	0	1	18.182	21	1.066	738	9	44	0.342	0	0	0	0	1	1	-8.5696
739	1	1	17.998	6	1.24	739	9	45	0.377	0	0	0	0	1	1	-4.3598
740	1	1	17.786	52	0.826	740	9	46	0.326	0	0	0	0	1	0	9.4387
741	1	2	17.445	56	1.053	741	9	47	0.543	1	0	0	0	2	1	-15.139
742	1	1	17.546	42	0.838	742	9	48	0.529	0	0	1	0	3	0	-7.4044
743	1	1	17.738	44	0.998	743	9	49	0.348	0	0	0	0	1	1	-6.8906
744	1	1	17.735	43	0.773	744	9	50	0.409	0	0	0	0	1	0	9.0333
745	1	1	17.778	45	1.119	745	9	51	0.404	0	0	0	0	1	1	-7.9272
746	1	1	17.812	55	0.854	746	9	52	0.332	0	0	0	0	1	0	-11.293
747	1	2	17.886	82	0.814	747	9	53	0.334	1	1	0	0	2	1	6.629
748	1	2	18.017	89	1	748	9	54	0.465	1	1	1	1	4	1	-1.8118
749	0	1	17.639	93	1.186	749	9	55	0.312	0	0	1	1	3	1	-9.2487
750	1	1	17.273	70	1.081	750	9	56	0.453	0	0	0	0	1	1	-4.3625
751	1	1	17.803	52	1.119	751	9	57	0.439	0	0	0	0	1	1	-10.056
752	1	1	18.088	70	1.227	752	9	58	0.363	0	0	0	0	1	0	4.8731
753	1	1	18.183	45	0.934	753	9	59	0.408	0	0	0	0	1	1	-2.0704
754	1	1	18.453	58	0.959	754	9	60	0.342	0	0	0	0	1	1	-13.863
755	1	2	18.463	34	0.918	755	9	61	0.395	1	1	0	0	2	0	-3.8133
756	0	2	18.633	47	1.107	756	9	62	0.461	1	0	1	1	4	1	-0.44457
757	0	1	18.227	63	0.973	757	9	63	0.404	0	0	1	0	3	0	-4.2466
758	1	1	18.297	17	1.011	758	9	64	0.551	0	1	0	0	1	0	-14.713
759	1	1	18.492	37	1.014	759	9	65	0.394	0	0	0	1	1	0	6.8006
760	0	1	18.08	13	0.934	760	9	66	0.369	0	0	0	0	1	1	-20.588
761	1	1	18.022	13	0.961	761	9	67	0.467	0	0	0	0	1	1	-7.4898
762	1	2	17.746	59	1.146	762	9	68	0.321	1	1	0	0	2	1	-13.091
763	1	1	17.488	28	0.812	763	9	69	0.399	0	0	1	1	3	1	-6.9832
764	1	1	17.093	61	1.039	764	9	70	0.424	0	0	0	0	1	1	-4.7941
765	1	1	16.98	40	1.158	765	9	71	0.365	0	0	0	0	1	1	-19.166
766	1	1	17.227	47	0.785	766	9	72	0.43	0	0	0	0	1	0	-3.2989
767	1	1	17.231	72	1.026	767	9	73	0.377	0	0	0	0	1	0	-5.5433
768	1	2	17.298	74	0.773	768	9	74	0.486	1	0	0	0	2	1	-24.954
769	1	2	17.648	85	0.906	769	9	75	0.406	1	0	1	0	4	0	5.2737
770	1	1	17.987	33	0.959	770	9	76	0.373	0	0	1	0	3	0	-1.1039
771	0	1	18.445	35	0.959	771	9	77	0.504	0	0	0	0	1	1	2.4395
772	1	1	18.369	14	1.16	772	9	78	0.365	0	0	0	0	1	1	-15.897
773	1	2	18.314	9	0.8	773	9	79	0.416	1	1	0	0	2	1	-18.449
774	1	1	18.036	53	0.972	774	9	80	0.338	0	0	1	1	3	0	16.705
775	1	1	17.617	7	1.213	775	9	81	0.33	0	0	0	0	1	0	-15.273
776	1	1	17.77	11	1.145	776	9	82	0.41	0	0	0	0	1	1	6.3029
777	1	1	17.452	24	1.185	777	9	83	0.559	0	0	0	0	1	1	-4.5448
778	1	1	17.153	7	1.238	778	9	84	0.364	0	0	0	0	1	0	11.144
779	1	2	16.989	25	1.199	779	9	85	0.392	1	1	0	0	2	1	-14.404
780	1	2	16.639	88	0.92	780	9	86	0.427	1	1	1	1	4	1	-4.2671
781	1	2	16.243	88	0.948	781	9	87	0.486	1	1	1	1	4	1	-10.637
782	1	1	NaN	NaN	NaN	NaN	NaN	NaN	NaN	NaN	NaN	NaN	NaN	NaN	NaN	-7.5351
783	1	1	NaN	NaN	NaN	NaN	NaN	NaN	NaN	NaN	NaN	NaN	NaN	NaN	NaN	-11.103
784	1	1	NaN	NaN	NaN	NaN	NaN	NaN	NaN	NaN	NaN	NaN	NaN	NaN	NaN	3.5918
785	1	1	NaN	NaN	NaN	NaN	NaN	NaN	NaN	NaN	NaN	NaN	NaN	NaN	NaN	-11.689
786	0	1	NaN	NaN	NaN	NaN	NaN	NaN	NaN	NaN	NaN	NaN	NaN	NaN	NaN	-26.239
787	1	1	NaN	NaN	NaN	NaN	NaN	NaN	NaN	NaN	NaN	NaN	NaN	NaN	NaN	10.096
788	1	2	NaN	NaN	NaN	NaN	NaN	NaN	NaN	NaN	NaN	NaN	NaN	NaN	NaN	-19.276
789	1	1	NaN	NaN	NaN	NaN	NaN	NaN	NaN	NaN	NaN	NaN	NaN	NaN	NaN	-0.416
790	1	1	NaN	NaN	NaN	NaN	NaN	NaN	NaN	NaN	NaN	NaN	NaN	NaN	NaN	-1.4002
791	1	1	NaN	NaN	NaN	NaN	NaN	NaN	NaN	NaN	NaN	NaN	NaN	NaN	NaN	-10.219
792	1	2	15.908	48	1.2	792	10	11	0.392	1	0	0	0	2	1	-1.4419
793	1	1	15.843	42	1.133	793	10	12	0.401	0	0	1	0	3	0	-11.026
794	1	1	15.978	54	1.213	794	10	13	0.285	0	0	0	0	1	0	-16.875
795	1	1	16.017	13	1.119	795	10	14	0.35	0	0	0	0	1	0	2.9831
796	0	2	16.18	16	1.027	796	10	15	0.346	1	1	0	0	2	0	-26.122
797	1	1	15.936	16	1.254	797	10	16	0.527	0	0	1	1	3	1	-14.032
798	1	2	15.573	20	0.959	798	10	17	0.469	1	0	0	0	2	1	0.81191
799	0	1	15.386	5	1.133	799	10	18	0.396	0	0	1	0	3	1	-12.6
800	1	1	15.2	18	0.959	800	10	19	0.375	0	0	0	0	1	1	7.3622
801	1	1	14.907	43	0.92	801	10	20	0.389	0	0	0	0	1	1	-8.3705
802	1	1	14.739	63	1.213	802	10	21	0.379	0	0	0	0	1	0	-5.1744
803	1	1	14.843	61	0.879	803	10	22	0.369	0	0	0	0	1	0	-3.3877
804	1	1	15.145	44	1.227	804	10	23	0.392	0	0	0	0	1	0	-13.615
805	0	1	15.392	52	0.84	805	10	24	0.377	0	0	0	0	1	1	-11.438
806	0	1	15.499	29	1.053	806	10	25	0.385	0	0	0	0	1	0	6.4762
807	1	1	15.647	9	1.199	807	10	26	0.357	0	0	0	0	1	1	-11.203
808	1	1	15.603	72	0.948	808	10	27	0.388	0	0	0	0	1	1	-4.7504
809	1	2	15.34	80	1.105	809	10	28	0.393	1	1	0	0	2	0	1.2819
810	1	1	15.696	11	0.879	810	10	29	0.4	0	0	1	1	3	0	-13.503
811	1	2	15.351	48	1.227	811	10	30	0.49	1	0	0	0	2	1	-2.6044
812	1	1	15.107	49	1.227	812	10	31	0.332	0	0	1	0	3	0	-4.5105
813	1	2	15.257	20	1.011	813	10	32	0.483	1	1	0	0	2	1	-9.1373
814	1	1	15.37	37	1.08	814	10	33	0.512	0	1	1	1	3	0	-9.1723
815	1	1	15.009	5	0.947	815	10	34	0.461	0	0	0	1	1	0	-10.549
816	1	1	14.663	36	0.959	816	10	35	0.418	0	0	0	0	1	0	0.95836
817	1	1	14.365	50	1.053	817	10	36	0.352	0	0	0	0	1	1	-8.0719
818	1	1	14.401	32	0.801	818	10	37	0.449	0	0	0	0	1	1	-19.896
819	1	1	14.577	49	0.879	819	10	38	0.39	0	0	0	0	1	1	-3.5972
820	1	2	14.568	17	0.986	820	10	39	0.576	1	0	0	0	2	1	-32.479
821	1	2	14.742	38	1.133	821	10	40	0.525	1	0	1	0	4	1	-8.9374
822	1	1	14.594	22	0.986	822	10	41	0.402	0	0	1	0	3	1	-2.7231
823	0	2	14.628	49	0.787	823	10	42	0.553	1	0	0	0	2	1	-4.2829
824	1	1	14.494	80	1.039	824	10	43	0.432	0	0	1	0	3	0	-0.57031
825	0	1	14.657	56	1.014	825	10	44	0.393	0	0	0	0	1	0	-13.142
826	1	1	15.13	53	0.945	826	10	45	0.399	0	0	0	0	1	0	-10.965
827	1	2	15.341	33	0.773	827	10	46	0.533	1	0	0	0	2	1	3.9135
828	1	2	15.522	38	1.067	828	10	47	0.396	1	0	1	0	4	0	-10.553
829	1	1	15.508	12	1.24	829	10	48	0.444	0	0	1	0	3	0	-9.7575
830	1	2	15.548	83	0.853	830	10	49	0.457	1	0	0	0	2	1	-14.987
831	1	1	15.312	61	0.865	831	10	50	0.478	0	0	1	0	3	1	-0.0035338
832	1	2	15.765	71	1.147	832	10	51	0.471	1	0	0	0	2	1	-8.9593
833	1	1	16.027	72	1.039	833	10	52	0.334	0	0	1	0	3	0	-14.16
834	1	2	16.379	54	1.133	834	10	53	0.459	1	0	0	0	2	0	-3.584
835	0	1	16.704	69	1.199	835	10	54	0.459	0	0	1	0	3	1	-6.0325
836	1	1	16.869	37	1.227	836	10	55	0.404	0	0	0	0	1	1	-6.1121
837	1	1	17.156	64	1.039	837	10	56	0.301	0	0	0	0	1	0	-12.578
838	1	1	17.11	25	1.053	838	10	57	0.531	0	1	0	0	1	0	-7.8695
839	1	1	17.337	22	0.799	839	10	58	0.474	0	0	0	1	1	0	6.5131
840	1	1	16.955	53	1.014	840	10	59	0.414	0	0	0	0	1	1	-9.4963
841	1	2	16.773	32	1.094	841	10	60	0.562	1	0	0	0	2	0	-4.9222
842	1	2	16.937	40	1.213	842	10	61	0.378	1	0	1	0	4	1	-7.0124
843	0	1	16.872	46	1.027	843	10	62	0.475	0	0	1	0	3	1	-8.9353
844	1	1	16.863	25	1.013	844	10	63	0.416	0	0	0	0	1	1	6.0962
845	0	1	16.921	15	1.026	845	10	64	0.439	0	0	0	0	1	1	-22.552
846	0	1	16.779	21	0.815	846	10	65	0.429	0	0	0	0	1	0	3.0213
847	1	1	16.549	38	0.812	847	10	66	0.371	0	0	0	0	1	0	-5.6958
848	0	2	16.38	59	1.027	848	10	67	0.436	1	0	0	0	2	0	-17.632
849	1	1	NaN	NaN	NaN	NaN	NaN	NaN	NaN	NaN	NaN	NaN	NaN	NaN	NaN	11.798
850	1	1	NaN	NaN	NaN	NaN	NaN	NaN	NaN	NaN	NaN	NaN	NaN	NaN	NaN	-22.899
851	1	1	16.649	93	1.133	851	10	70	0.463	0	0	0	0	1	0	-5.307
852	1	1	16.995	84	0.893	852	10	71	0.345	0	0	0	0	1	0	2.5255
853	1	1	17.553	90	1.119	853	10	72	0.407	0	0	0	0	1	0	-23.002
854	1	1	17.97	72	0.931	854	10	73	0.381	0	0	0	0	1	0	-1.0352
855	0	1	18.482	59	0.814	855	10	74	0.342	0	0	0	0	1	0	-21.548
856	1	2	18.767	79	0.84	856	10	75	0.336	1	1	0	0	2	0	-8.6544
857	1	1	NaN	NaN	NaN	NaN	NaN	NaN	NaN	NaN	NaN	NaN	NaN	NaN	NaN	10.177
858	1	1	NaN	NaN	NaN	NaN	NaN	NaN	NaN	NaN	NaN	NaN	NaN	NaN	NaN	-28.39
859	1	1	18.549	37	0.879	859	10	78	0.433	0	0	0	0	1	1	-8.1859
860	1	1	19.198	23	1.039	860	10	79	0.368	0	0	0	0	1	1	1.5234
861	1	2	19.133	38	1.238	861	10	80	0.537	1	0	0	0	2	0	-30.604
862	1	1	18.943	11	0.84	862	10	81	0.406	0	0	1	0	3	1	-0.75199
863	1	1	18.895	22	1.254	863	10	82	0.356	0	0	0	0	1	0	-17.635
864	1	1	18.535	28	1.213	864	10	83	0.373	0	0	0	0	1	0	-8.3438
865	1	2	18.356	44	0.906	865	10	84	0.559	1	1	0	0	2	1	0.84653
866	1	1	18.199	48	1.226	866	10	85	0.332	0	0	1	1	3	0	-23.391
867	1	1	17.768	82	1.133	867	10	86	0.361	0	0	0	0	1	0	-2.66
868	1	1	17.839	87	1.014	868	10	87	0.42	0	0	0	0	1	1	0.75598
